52383
37947
25566
38129
40643
50951
58985
59335
56248
27587
35603
24115
10657
8045
22771
42327
46847
51717
25993
11750
40509
26394
62298
20635
64124
28592
7104
23542
30558
24931
2984
23829
35540
51122
33236
3555
59943
61008
26804
13831
41156
48629
25182
20783
44050
35204
59363
62681
63363
23594
26404
46350
23955
63424
63740
21949
63747
37641
17194
9292
30455
36730
22660
22177
46669
16024
59637
59187
11773
53374
818
31680
37836
11732
19295
27518
18017
4874
29996
9585
32586
65443
21247
4017
18202
15602
11348
23176
33294
36490
36281
641
50354
10367
43120
19339
43393
46424
50349
968
59046
58628
64218
48955
44577
25232
59287
12187
662
58917
13071
45164
29962
35424
54239
43887
6281
8067
57182
19808
7986
45660
57853
16392
35404
14940
41948
14817
60968
58862
58977
44498
55434
55102
28362
13399
20949
53676
34445
31298
53233
9527
59278
34913
23029
13264
41419
23404
60723
